3183
233
2349
2836
2052
197
3176
34
2158
2040
845
755
601
2818
1542
35
2444
1513
282
1734
836
1767
389
1111
2775
128
125
1002
2329
1928
1894
2613
57
2852
758
1930
1667
2969
3205
2914
427
2831
1632
663
1687
163
2044
2006
215
1859
2593
725
529
2196
965
653
2909
1482
1333
3223
1616
3062
453
3202
1561
1195
1603
693
1243
1104
978
2938
3176
1198
2308
2059
1322
712
2061
666
1365
2928
1147
2552
524
2131
3164
1594
1062
419
761
1375
2678
3194
1775
1063
3048
3058
2389
226
1807
1900
2179
620
1506
1960
1475
400
1419
318
222
2821
1492
364
1973
842
2396
1522
2033
1471
2900
769
447
1159
3152
1883
2654
1249
213
3049
3178
273
1923
1910
2017
1507
310
478
1369
1993
1550
3198
2643
2792
1939
450
3200
1865
2806
1819
823
2042
2013
3141
3021
1936
1238
2335
2283
548
729
1387
2980
1755
1051
2460
3031
2644
646
1845
456
33
505
572
1674
2149
630
1119
9
2984
2701
208
1637
3018
2814
1367
2461
1859
2757
1626
2284
524
2342
679
2996
280
2917
877
1684
447
165
1488
1352
2407
533
1662
307
805
1635
1805
1538
1353
843
2680
812
1626
1039
2727
770
2962
1642
55
702
232
1057
1912
2386
2560
2282
1433
518
1929
425
3134
1483
2109
355
2688
2293
1726
1200
2331
909
2907
2797
1448
2080
2691
3174
384
1187
546
2733
2412
73
1204
2944
1767
2921
191
83
2802
2847
465
2469
2255
1754
217
1541
1520
656
366
2716
851
1312
3098
1486
2755
242
1639
1497
2083
796
1226
68
1598
2672
1313
2976
1195
2540
726
875
1192
3196
3201
2497
682
2771
2087
815
1446
1794
2127
3222
2141
551
1773
2898
1560
2420
2104
3209
1599
605
346
719
463
1636
2424
2203
2094
397
566
2253
1101
1701
2960
2921
3149
821
2269
2950
1948
1057
619
2822
757
1547
774
2764
1359
2209
1687
2265
2634
2254
1706
3178
125
2681
300
1790
1580
896
1274
2050
3069
2010
1220
2202
2702
3020
1912
1990
933
3059
2917
2330
654
849
389
2873
1399
1835
2986
348
1859
1461
1232
1039
3219
1273
2148
2578
2975
2584
1323
1752
3024
2548
1288
951
1894
1003
746
1953
2233
257
379
1913
85
2931
1125
2079
1173
741
1633
611
94
173
324
2409
1105
2964
1658
2773
164
633
2107
2326
1480
1583
3131
3159
2605
1600
2255
2782
2850
41
1141
3205
103
592
849
2669
870
1795
1029
1516
78
442
2470
70
2011
1242
1253
920
2517
2419
276
260
1536
3013
2823
589
1433
2168
2417
2846
739
3113
1882
3203
3066
2297
1587
1
742
996
802
903
854
1590
1830
1194
161
760
990
2376
2939
3216
635
1865
763
3214
2048
1668
1706
1650
1148
3174
923
2529
1053
2722
1442
3076
2540
2207
2622
1871
457
618
1238
1477
1965
1826
1117
126
2137
648
258
251
1031
2690
2280
551
2958
2119
1062
1319
2091
105
1099
2326
136
638
645
2598
1788
1244
1798
1634
1545
554
782
1422
612
2324
1054
2647
771
1967
482
2659
1654
3222
2840
2458
1263
2164
1626
1916
1774
1152
2633
2344
2584
948
1625
1469
2072
3118
2011
1634
1492
2865
2686
1925
528
3064
663
1109
1487
47
1071
638
15
2869
42
266
1934
1579
1352
2893
678
516
1312
26
1244
621
2453
3
370
2625
1166
1787
2936
2024
659
1209
2963
1155
1832
3058
2652
2688
1236
300
795
2756
2179
2236
915
2686
629
2988
2384
710
445
1355
2885
147
1317
201
2467
1124
585
1423
612
1962
701
2423
2911
658
1139
2099
1117
314
664
502
752
40
1872
2526
2327
3030
2958
2210
1009
2817
2686
1869
115
679
3011
536
743
284
2303
1629
3225
2427
2772
2671
1733
1673
2989
3169
644
2279
105
2008
2454
49
2123
797
2745
1275
940
1555
390
2631
1011
2749
2577
2788
1072
1229
2978
523
173
1491
510
659
1965
2541
2749
971
1307
2311
2306
1352
1955
200
2365
659
2970
51
172
1510
2657
1428
3
629
1089
741
94
2129
1156
2210
1941
769
2629
2214
2591
1505
2725
793
622
1512
261
117
347
193
547
3068
800
821
84
2351
1884
1931
2794
247
1670
1171
170
32
1757
1347
2770
2869
1582
622
2515
2149
1997
2341
1270
2704
1578
1250
1101
2481
2203
1954
1980
2454
529
496
1155
764
1751
508
3072
994
3150
408
3070
2951
1562
2637
1476
2169
117
2696
576
1832
2743
1651
553
2405
450
962
1742
141
1862
2225
2046
2660
2465
2973
623
2990
2068
1949
79
1717
484
1560
2017
1054
717
2344
1488
751
1029
1629
1445
575
933
1433
2730
2173
2549
698
1845
1909
727
1061
1924
45
2362
2395
2154
458
2613
868
1785
617
1898
427
2064
1065
619
131
734
262
2903
2107
1078
245
857
3093
493
1714
801
2894
751
2207
3075
2853
1060
157
416
3113
2222
2651
1023
63
1751
942
2802
2768
390
127
976
1952
1354
1458
2198
348
1896
3027
2361
333
2482
1320
1720
1172
3043
2562
1940
861
1297
671
931
2632
2531
1726
1844
608
3141
1154
1467
768
1525
1747
40
831
1040
3112
1949
15
288
1720
2990
3186
1509
1645
451
3185
547
1876
1511
2609
868
242
2763
2393
69
179
2188
47
2868
2227
734
3059
1136
1968
2838
796
2463
2658
802
2089
1254
1359
2074
1333
2354
377
1648
2229
1882
118
1354
286
418
1939
1002
148
1293
1635
2533
1827
1990
1737
1206
1688
2156
2662
443
513
1798
2323
695
3078
2142
1805
2631
3176
3193
2056
250
1269
592
394
2304
1668
682
2932
464
715
3005
3045
2279
